No	GenomicLocus	uniqID	rsID	chr	pos	p	nSNPs	nGWASSNPs
1	1	1:61336529:C:T	rs10493298	1	61336529	2.01233e-08	17	17
2	2	1:209699973:C:T	rs9308409	1	209699973	4.48329e-08	7	7
3	2	1:209721047:A:C	rs996148	1	209721047	4.2025e-08	3	3
4	3	2:225471623:A:G	rs58105661	2	225471623	8.64874e-10	7	2
5	3	2:225474277:A:ATG	rs796220629	2	225474277	9.77839e-09	13	1
6	3	2:225491214:A:G	rs56908946	2	225491214	3.8322e-09	8	6
7	3	2:225492169:C:T	rs77504325	2	225492169	5.66231e-15	1	1
8	4	3:60742058:A:C	rs13063937	3	60742058	2.7828e-08	3	3
9	5	4:71875684:A:G	rs114619811	4	71875684	4.80163e-08	5	1
10	6	5:103657807:C:CAA	5:103657807:C:CAA	5	103657807	2.71509e-09	17	11
11	7	6:39219184:G:T	rs73731738	6	39219184	4.92221e-08	9	5
12	7	6:39278794:C:G	rs72855550	6	39278794	5.87524e-15	1	1
13	7	6:39292315:G:T	rs7766608	6	39292315	6.09262e-15	6	1
14	7	6:39301442:C:T	rs4714239	6	39301442	8.84315e-10	1	1
15	8	6:52568849:A:G	rs72940868	6	52568849	2.03133e-08	19	8
16	9	6:146797253:G:T	rs984046	6	146797253	1.57617e-09	4	3
17	10	7:47930148:C:T	rs118004103	7	47930148	4.73274e-09	5	5
18	10	7:47934385:C:G	rs73333672	7	47934385	1.01247e-08	1	1
19	10	7:48000707:A:G	rs78330230	7	48000707	1.97852e-09	6	6
20	11	8:4619604:C:T	rs17071221	8	4619604	1.24844e-10	31	29
21	11	8:4622661:C:T	rs17080168	8	4622661	1.07339e-09	8	6
22	11	8:4631002:A:G	rs12548690	8	4631002	1.17216e-14	3	3
23	11	8:4654893:C:G	rs17432441	8	4654893	6.88091e-12	14	14
24	11	8:4688872:A:G	rs73181596	8	4688872	2.24983e-15	17	14
25	11	8:4695996:A:G	rs34880000	8	4695996	5.94872e-23	13	8
26	11	8:4705323:C:T	rs2407667	8	4705323	6.44577e-14	22	19
27	11	8:4709035:C:T	rs2028227	8	4709035	6.78966e-22	27	23
28	12	9:925271:G:T	rs16926097	9	925271	5.4225e-09	1	1
29	12	9:927330:C:T	rs112037860	9	927330	2.63574e-09	38	30
30	12	9:928801:T:TA	rs143924382	9	928801	2.0842e-09	31	5
31	13	12:79294854:A:G	rs61929178	12	79294854	1.30891e-08	6	6
32	13	12:79625243:A:C	rs61927351	12	79625243	1.72708e-09	101	77
33	13	12:79678412:C:T	rs150721540	12	79678412	4.9986e-10	3	3
34	14	14:72297651:C:T	rs78776318	14	72297651	3.42223e-08	93	67
35	15	15:93707063:A:G	rs114045148	15	93707063	4.45852e-08	6	6
36	16	16:56298084:G:T	rs74523911	16	56298084	4.17452e-13	8	4
37	16	16:56335445:A:G	rs75755709	16	56335445	2.84993e-10	2	2
38	17	16:79362411:C:T	rs2221705	16	79362411	1.16593e-08	10	3
39	18	18:74884489:C:T	rs143508422	18	74884489	6.5621e-10	2	1
40	19	20:42774830:C:G	rs142375979	20	42774830	1.68553e-08	5	5
