No	GenomicLocus	uniqID	rsID	chr	pos	p	nSNPs	nGWASSNPs
1	1	1:61879203:C:T	rs115833252	1	61879203	8.74e-06	8	8
2	2	1:96561801:A:AT	rs201910565	1	96561801	3.41e-07	35	35
3	2	1:96602440:A:G	rs1222063	1	96602440	2.643e-07	4	4
4	2	1:96603035:C:T	rs12130426	1	96603035	4.365e-06	4	4
5	3	1:96978961:A:G	rs2391769	1	96978961	1.135e-07	6	6
6	4	1:99090942:A:G	rs12759704	1	99090942	2.029e-06	11	11
7	4	1:99092784:A:C	rs6701243	1	99092784	3.074e-07	8	8
8	5	1:104792257:A:G	rs11185408	1	104792257	6.983e-07	123	123
9	6	1:147183927:C:T	rs78653484	1	147183927	4.675e-06	6	6
10	7	1:193502609:A:G	rs6692705	1	193502609	3.263e-06	35	35
11	8	2:63072403:C:G	rs41363353	2	63072403	8.609e-06	32	32
12	9	2:140318199:A:G	rs6430841	2	140318199	6.402e-06	39	39
13	10	2:159385181:G:GA	rs59566011	2	159385181	9.304e-07	93	93
14	10	2:159529888:A:T	rs1548635	2	159529888	8.445e-06	87	87
15	11	2:171338669:C:CT	rs71868489	2	171338669	9.933e-06	2	2
16	12	2:202235348:A:G	rs7578456	2	202235348	6.532e-06	106	106
17	13	3:20641966:C:T	rs148587110	3	20641966	7.4e-06	1	1
18	14	3:62481063:C:T	rs1452075	3	62481063	2.069e-07	9	9
19	15	3:70608317:A:G	rs62256326	3	70608317	7.457e-06	15	15
20	16	3:158001670:C:CT	rs200332011	3	158001670	2.873e-06	108	108
21	17	3:191838169:A:G	rs79940520	3	191838169	4.26e-06	1	1
22	18	4:84621317:C:CA	rs56054767m	4	84621317	8.507e-06	1	1
23	19	4:132217275:A:G	rs116346488	4	132217275	7.583e-06	19	19
24	20	4:171206603:C:CA	rs33966416	4	171206603	2.73e-06	75	75
25	21	5:87854395:A:C	rs4916723	5	87854395	1.924e-06	27	27
26	22	5:92255166:C:T	rs2635182	5	92255166	1.937e-06	9	9
27	23	5:103995368:A:G	rs325485	5	103995368	3.254e-07	164	164
28	23	5:104020375:A:T	rs10055512	5	104020375	2.778e-06	132	132
29	24	5:113801423:A:G	rs13188074	5	113801423	3.041e-06	4	4
30	25	5:153601262:A:G	rs34509057	5	153601262	9.725e-06	96	96
31	26	5:168173526:A:G	chr5:168173526	5	168173526	1.32e-06	1	1
32	27	6:11731999:T:TA	rs210894m	6	11731999	4.917e-07	28	28
33	28	6:15392310:C:T	rs2282828	6	15392310	7.786e-06	1	1
34	29	6:16753147:A:G	rs16879023	6	16753147	1.765e-06	21	21
35	30	6:23767038:C:G	rs12203328	6	23767038	4.915e-06	63	63
36	30	6:23870775:T:TA	rs34739626	6	23870775	6.596e-06	2	2
37	30	6:23909381:A:G	rs507059	6	23909381	7.652e-06	1	1
38	31	6:29575405:A:T	rs740883	6	29575405	1.694e-06	65	65
39	32	6:89896927:G:T	rs684502	6	89896927	9.71e-06	7	7
40	33	6:98583488:A:G	rs72934503	6	98583488	5.892e-07	33	33
41	33	6:98585502:A:G	rs17814604	6	98585502	6.383e-06	1	1
42	34	6:134234093:A:G	rs13201465	6	134234093	6.424e-06	2	2
43	34	6:134283787:A:G	rs150793912	6	134283787	7.763e-06	17	15
44	35	6:135032232:C:T	rs67248478	6	135032232	3.216e-06	19	19
45	35	6:135035609:C:T	rs9389208	6	135035609	3.121e-06	6	6
46	36	7:71618506:T:TA	chr7:71618506	7	71618506	4.017e-06	60	60
47	37	7:104744219:A:G	rs111931861	7	104744219	1.118e-07	1	1
48	37	7:104977501:A:G	rs35851667	7	104977501	9.878e-06	10	10
49	38	7:132177702:G:T	rs78298487	7	132177702	9.005e-06	6	6
50	39	8:8363897:C:T	rs2921036	8	8363897	8.143e-06	62	62
51	39	8:8661534:C:T	rs12547493	8	8661534	4.677e-06	141	141
52	39	8:8850633:A:G	rs17701675	8	8850633	3.793e-06	47	47
53	39	8:9042454:A:G	rs11249905	8	9042454	1.819e-06	2	2
54	39	8:9085712:T:TCA	rs10582665	8	9085712	2.241e-06	29	29
55	40	8:10503046:C:G	rs7001281	8	10503046	7.001e-06	1	1
56	40	8:10520548:A:G	rs4841410	8	10520548	1.01e-06	7	7
57	40	8:10547758:A:C	rs7823200	8	10547758	7.675e-07	1	1
58	40	8:10570877:A:T	rs35095634	8	10570877	3.428e-06	10	10
59	40	8:10576775:C:G	rs10099100	8	10576775	1.065e-08	6	6
60	40	8:10698227:A:T	rs3808604	8	10698227	1.854e-07	85	85
61	40	8:10712945:G:T	rs877116	8	10712945	6.466e-06	131	131
62	40	8:10736552:C:G	rs755856	8	10736552	4.801e-06	4	4
63	40	8:10769816:G:GTATATATATA	rs36223617	8	10769816	7.189e-06	14	14
64	40	8:10790758:C:G	rs6992403	8	10790758	1.284e-07	61	61
65	40	8:10803465:C:T	rs12679529	8	10803465	1.532e-06	71	71
66	40	8:10805015:C:T	rs7821914	8	10805015	1.855e-06	51	51
67	40	8:10810447:C:G	rs7004551	8	10810447	4.892e-06	52	52
68	40	8:11347289:G:T	rs2736342	8	11347289	3.33e-06	83	83
69	41	8:48036474:A:G	rs183563276m	8	48036474	1.906e-07	6	2
70	42	8:53341258:C:CAA	rs10666089m	8	53341258	1.018e-06	11	11
71	42	8:53400418:C:CAA	rs369274441	8	53400418	8.842e-06	1	1
72	43	8:60390318:A:G	rs76397219	8	60390318	3.566e-06	2	2
73	44	8:131469692:C:T	rs868104	8	131469692	4.674e-06	1	1
74	44	8:131472047:A:G	rs10110094	8	131472047	2.05e-06	1	1
75	45	8:142615222:C:T	rs11787216	8	142615222	2.587e-06	22	22
76	46	9:76179384:A:G	rs28729902	9	76179384	2.345e-06	64	64
77	47	10:16691399:C:T	rs45595836	10	16691399	3.131e-07	1	1
78	48	10:30995488:C:T	rs201179706	10	30995488	9.823e-06	1	1
79	49	10:64649396:A:G	rs113764414	10	64649396	9.431e-06	7	7
80	50	10:65421442:A:G	rs141319505	10	65421442	1.876e-06	2	2
81	51	10:72749037:A:G	rs78827416	10	72749037	9e-07	3	3
82	52	10:130488026:C:T	rs4750990	10	130488026	1.371e-06	3	3
83	53	11:102735140:A:G	rs644552	11	102735140	4.211e-06	29	29
84	54	11:106827977:C:T	rs117603308m	11	106827977	1.386e-06	10	10
85	55	11:128818792:A:C	rs4609618	11	128818792	9.339e-06	2	2
86	56	11:131773383:A:G	rs529507	11	131773383	5.757e-06	10	10
87	57	12:28765600:A:G	rs16933101	12	28765600	9.422e-06	12	12
88	58	12:73196902:C:T	rs35404050	12	73196902	1.606e-06	122	122
89	59	12:113568531:A:G	rs113003385	12	113568531	6.059e-06	2	2
90	60	13:66970212:C:T	rs77691144	13	66970212	1.91e-06	1	1
91	61	13:110828119:A:G	rs17517971	13	110828119	9.615e-06	1	1
92	62	14:76835623:G:GT	rs201369005m	14	76835623	4.295e-06	1	1
93	63	14:94838142:G:T	rs112635299	14	94838142	3.044e-07	2	2
94	64	15:93941693:C:T	rs118058985	15	93941693	4.265e-06	3	3
95	64	15:93953737:A:G	rs78058104	15	93953737	2.221e-06	6	6
96	65	16:72097255:C:CA	rs34938366	16	72097255	1.543e-06	4	4
97	66	17:43302259:C:T	rs12449792	17	43302259	6.065e-06	8	8
98	66	17:43859405:A:T	rs12942300	17	43859405	2.057e-06	14	14
99	66	17:44019083:G:T	rs141455452	17	44019083	8.939e-07	1	1
100	66	17:44301840:C:T	rs142920272	17	44301840	2.89e-07	3793	3791
101	66	17:44332793:A:G	rs71375338	17	44332793	1.995e-06	3416	3415
102	66	17:44344377:C:T	rs144129607	17	44344377	1.296e-06	2876	2876
103	66	17:44759766:A:G	chr17:44759766	17	44759766	3.295e-06	2627	2627
104	67	18:33265230:A:G	rs143609523	18	33265230	7.822e-06	4	4
105	68	18:55872558:A:G	rs292441	18	55872558	1.124e-06	102	102
106	69	19:36825226:C:T	rs138442088	19	36825226	2.025e-06	7	7
107	69	19:37439641:A:G	rs138867053	19	37439641	1.168e-07	3	3
108	69	19:37467583:C:T	rs139567174	19	37467583	4.843e-06	27	27
109	70	20:3663913:C:G	rs597040	20	3663913	7.369e-06	7	1
110	71	20:14745993:A:G	rs735796	20	14745993	2.821e-06	42	42
111	71	20:14827737:G:GA	rs5840635	20	14827737	9.818e-06	63	63
112	71	20:14836243:G:GTTTTTTT	rs71190156	20	14836243	2.752e-08	49	49
113	72	20:21054496:C:T	rs6047225	20	21054496	3.08e-06	4	4
114	72	20:21117240:GTT:GTTT	chr20:21117240	20	21117240	1.337e-08	170	145
115	72	20:21176604:C:T	rs2144782	20	21176604	3.485e-07	89	89
116	72	20:21182388:C:T	rs12625304	20	21182388	8.16e-09	4	4
117	72	20:21186296:T:TA	rs11478463	20	21186296	2.184e-06	1	1
118	72	20:21191400:C:CT	rs11288900	20	21191400	7.277e-08	134	134
119	72	20:21199826:A:T	chr20:21199826	20	21199826	1.191e-08	127	127
120	72	20:21241417:A:T	rs6035820	20	21241417	2.867e-08	162	162
121	72	20:21248116:A:G	rs910805	20	21248116	2.041e-09	182	182
122	72	20:21283435:A:G	rs3761290	20	21283435	1.036e-06	22	22
123	72	20:21313109:TA:TAA	chr20:21313109	20	21313109	2.663e-06	88	79
124	72	20:21386790:A:G	rs1409819	20	21386790	8.136e-08	120	120
125	72	20:21502778:G:T	rs57080033	20	21502778	6.698e-07	11	11
126	72	20:21518207:C:T	rs62219597	20	21518207	7.723e-06	15	15
127	72	20:21531772:A:G	rs8182800	20	21531772	1.21e-07	12	12
128	73	20:54171648:C:G	rs6127522	20	54171648	7.151e-06	16	16
129	73	20:54184200:G:T	rs116977567	20	54184200	5.043e-06	4	4
130	73	20:54230218:C:CA	rs11480060	20	54230218	1.642e-06	23	23
131	74	21:36927870:C:T	rs117757063	21	36927870	5.538e-06	1	1
132	74	21:37255329:C:T	rs144911765	21	37255329	2.364e-06	1	1
133	74	21:37302870:A:G	rs117148388	21	37302870	7.6e-06	1	1
